You	5charwords	Positive	Questags	@Mentions	I	We	Negative	user type
0.0	0.444444444444	0.0	0.0	0.0	0.0	0.0	0.0	Non-Core
0.0	0.460732984293	0.166666666667	0.5	0.166666666667	1.16666666667	0.166666666667	0.833333333333	Non-Core
0.0	0.529411764706	2.0	0.0	0.0	1.0	0.0	0.0	Non-Core
0.0	0.426751592357	1.33333333333	0.666666666667	0.333333333333	2.0	0.0	0.333333333333	Non-Core
0.3	0.421383647799	0.4	0.4	0.0	0.6	0.4	0.7	Non-Core
0.111111111111	0.367041198502	0.666666666667	0.777777777778	0.0	0.888888888889	0.0	0.333333333333	Non-Core
0.333333333333	0.422464375524	0.6	0.5	0.2	0.866666666667	0.1	0.3	Non-Core
0.333333333333	0.448275862069	2.0	1.0	0.333333333333	2.66666666667	0.666666666667	2.33333333333	Non-Core
0.0	0.684210526316	0.0	0.0	0.0	0.0	0.0	0.0	Non-Core
0.0	0.387283236994	4.0	3.0	0.0	10.0	0.0	2.0	Non-Core
1.0	0.418604651163	1.0	0.0	0.0	1.0	0.0	0.0	Non-Core
0.333333333333	0.519157088123	1.33333333333	0.0	0.333333333333	1.0	0.0	0.666666666667	Non-Core
0.0	0.434210526316	1.0	0.5	0.0	0.5	0.0	0.0	Non-Core
0.0	0.82295988935	0.0	0.0	0.0	0.0	0.0	0.0	Non-Core
0.0	0.427419354839	0.25	0.0	0.0	0.75	0.0	0.0	Non-Core
0.166666666667	0.438485804416	0.833333333333	0.0	0.0	1.0	0.0	0.833333333333	Non-Core
0.0	0.352941176471	0.0	0.0	0.0	1.0	0.0	0.0	Non-Core
0.0588235294118	0.453686200378	0.117647058824	0.0588235294118	0.0	0.647058823529	0.0	0.588235294118	Non-Core
0.333333333333	0.333333333333	0.0	0.0	0.0	1.33333333333	0.0	0.0	Non-Core
0.0	0.456790123457	0.5	0.5	0.0	0.5	0.0	0.5	Non-Core
0.0	0.372262773723	1.0	0.5	0.0	4.0	0.0	1.0	Non-Core
0.25	0.45652173913	1.0	0.25	0.0	2.0	0.0	0.75	Non-Core
0.0	0.45652173913	1.0	0.0	0.0	1.0	0.0	0.0	Non-Core
1.92307692308	0.412873563218	2.92307692308	1.61538461538	0.153846153846	1.76923076923	0.230769230769	1.76923076923	Non-Core
0.0	0.321428571429	0.5	0.0	0.0	1.0	0.0	0.0	Non-Core
0.166666666667	0.584615384615	1.66666666667	0.5	0.0	1.83333333333	0.0	1.33333333333	Non-Core
0.0	0.421052631579	0.0	1.0	0.0	1.0	0.0	3.0	Non-Core
0.0	0.285714285714	0.0	0.0	0.0	1.0	0.0	0.0	Non-Core
0.0	0.369565217391	0.75	1.25	0.0	2.75	0.0	0.5	Non-Core
6.0	0.351172579675	3.5	2.08333333333	0.0	3.08333333333	0.0833333333333	3.0	Non-Core
0.291666666667	0.42996742671	0.75	0.208333333333	0.166666666667	0.458333333333	0.0833333333333	0.166666666667	Non-Core
0.0	0.423791821561	0.0	0.6	0.2	1.2	0.0	1.0	Non-Core
0.0	0.518518518519	0.0	0.0	0.0	2.0	0.0	0.0	Non-Core
1.25	0.476534296029	3.0	0.75	0.0	2.25	0.0	0.25	Non-Core
0.5	0.4325	1.5	0.666666666667	0.0	0.833333333333	0.666666666667	2.5	Non-Core
0.625	0.371710526316	0.125	0.375	0.375	1.125	0.125	0.25	Non-Core
0.0	0.5	0.75	0.25	0.0	0.5	0.0	0.25	Non-Core
0.0	0.285714285714	0.0	0.0	0.0	0.0	0.0	0.0	Non-Core
0.0	0.415094339623	1.5	0.5	0.0	1.0	0.0	0.0	Non-Core
0.0	0.416216216216	2.0	1.0	0.0	3.0	0.0	1.0	Non-Core
1.0	0.476744186047	0.5	0.0	0.5	1.5	0.0	1.0	Non-Core
0.0	0.0	0.0	0.0	0.0	0.0	0.0	0.0	Non-Core
0.0	0.72	0.0	0.0	0.0	0.0	0.0	0.0	Non-Core
0.0	0.521739130435	0.0	0.0	0.0	0.5	0.0	0.0	Non-Core
0.625	0.481914893617	1.625	0.875	0.75	5.5	0.0	0.875	Non-Core
0.0	0.360215053763	0.0	3.0	0.0	15.0	0.0	3.0	Non-Core
0.0	0.739413680782	0.0	0.0	0.0	0.0	0.0	9.0	Non-Core
0.0	0.477541371158	0.4	0.1	0.2	1.3	0.0	0.1	Non-Core
2.625	0.404371584699	2.5	2.5	0.125	3.375	1.5	3.0	Non-Core
0.0	0.529411764706	0.0	0.0	0.0	0.0	0.0	0.0	Non-Core
0.0	0.493927125506	0.0	0.0	0.0	1.5	0.0	0.25	Non-Core
0.714285714286	0.417910447761	0.714285714286	0.714285714286	0.0	2.14285714286	0.0	1.14285714286	Non-Core
0.0	0.560975609756	2.0	1.0	0.0	2.0	0.0	0.0	Non-Core
0.0	0.467213114754	1.0	5.0	0.0	8.0	0.0	0.0	Non-Core
0.69696969697	0.535354617527	0.575757575758	0.212121212121	0.0909090909091	1.51515151515	0.0606060606061	1.15151515152	Non-Core
0.0	0.456140350877	0.0	0.0	0.0	0.25	0.0	1.0	Non-Core
1.66666666667	0.390510948905	5.0	1.33333333333	0.333333333333	7.0	0.666666666667	3.0	Non-Core
0.714285714286	0.450160771704	2.85714285714	0.857142857143	0.857142857143	3.14285714286	0.142857142857	0.714285714286	Non-Core
1.08333333333	0.411835748792	0.958333333333	0.791666666667	0.0	2.20833333333	0.0833333333333	0.583333333333	Non-Core
0.666666666667	0.450199203187	0.5	0.666666666667	0.5	2.16666666667	0.0	0.333333333333	Non-Core
0.363636363636	0.337003058104	1.12121212121	0.606060606061	0.181818181818	1.78787878788	0.0606060606061	0.484848484848	Non-Core
0.5	0.380152671756	1.5	3.25	0.5	7.5	0.0	2.5	Non-Core
3.0	0.375	0.5	1.0	0.0	1.5	0.5	0.0	Non-Core
0.125	0.449704142012	1.625	0.375	0.5	1.875	0.25	1.125	Non-Core
0.25	0.404153354633	3.25	2.5	0.75	3.25	0.0	1.25	Non-Core
1.0	0.54347826087	0.0	0.0	0.0	0.0	0.0	0.0	Non-Core
0.0	0.604651162791	0.0	0.0	0.0	1.0	0.0	0.0	Non-Core
0.0	0.388379204893	3.5	0.0	0.0	2.5	0.0	1.75	Non-Core
0.0	0.526315789474	0.0	1.0	0.0	0.0	0.0	0.0	Non-Core
0.0	0.38	0.666666666667	1.0	0.0	3.33333333333	0.0	0.333333333333	Non-Core
0.0	0.516853932584	0.285714285714	0.285714285714	0.0	0.428571428571	0.0	0.714285714286	Non-Core
0.0	0.376623376623	5.5	4.0	0.0	11.5	0.0	0.0	Non-Core
0.0	0.454545454545	2.0	2.0	0.0	7.0	0.0	1.0	Non-Core
0.111111111111	0.369252873563	1.0	0.666666666667	0.0	1.33333333333	0.555555555556	1.11111111111	Non-Core
0.27950310559	0.527698514218	0.708074534161	0.316770186335	0.149068322981	0.590062111801	0.186335403727	0.832298136646	Non-Core
0.0	0.55	0.5	0.0	0.0	1.0	0.0	0.0	Non-Core
0.0	0.393162393162	0.666666666667	0.0	0.666666666667	1.0	0.0	0.333333333333	Non-Core
0.0	0.0	0.0	0.0	0.0	0.0	0.0	0.0	Non-Core
0.0	0.411764705882	0.5	0.0	0.0	1.5	0.0	0.0	Non-Core
0.0	0.5	0.0	0.0	0.0	1.0	0.0	0.0	Non-Core
0.0	0.40350877193	0.0	1.0	0.0	2.5	0.0	0.5	Non-Core
0.0	0.401360544218	3.5	1.0	0.0	3.5	0.0	2.0	Non-Core
0.0769230769231	0.27797833935	0.307692307692	0.461538461538	0.0	1.30769230769	0.0	0.0769230769231	Non-Core
2.0	0.727906976744	2.0	3.0	0.5	6.25	0.5	3.25	Non-Core
1.0	0.344827586207	0.0	0.0	0.0	4.0	0.0	0.0	Non-Core
0.2	0.387782204515	1.2	0.6	0.6	2.4	0.0	0.2	Non-Core
0.0	0.581967213115	2.0	0.0	0.0	3.0	2.0	1.0	Non-Core
1.375	0.418974848774	1.20833333333	0.458333333333	0.3125	1.6875	0.229166666667	1.27083333333	Non-Core
0.5	0.401785714286	1.0	1.5	0.5	4.0	0.5	0.0	Non-Core
0.333333333333	0.477272727273	1.66666666667	0.0	0.0	0.333333333333	0.333333333333	0.0	Non-Core
0.0	0.396739130435	2.0	2.0	0.0	6.0	3.0	1.0	Non-Core
0.652173913043	0.410026857654	2.21739130435	0.565217391304	0.0869565217391	1.78260869565	0.0869565217391	1.34782608696	Non-Core
0.0	0.569620253165	2.5	0.0	0.5	0.0	0.0	2.0	Non-Core
0.8	0.424460431655	1.2	2.2	0.2	3.2	0.0	2.0	Non-Core
2.5	0.362637362637	1.0	0.5	0.0	2.0	0.0	3.5	Non-Core
0.0	0.4	0.0	0.0	0.0	0.0	0.0	0.0	Non-Core
0.4	0.388489208633	1.0	0.4	0.2	1.0	0.0	0.6	Non-Core
0.307692307692	0.419624217119	1.15384615385	0.384615384615	0.0	2.07692307692	0.153846153846	0.846153846154	Non-Core
0.0	0.465517241379	2.0	0.0	1.0	0.0	0.0	1.0	Non-Core
0.0	0.295454545455	0.0	0.0	0.0	0.0	0.0	0.0	Non-Core
1.5	0.456928838951	3.5	1.0	0.5	0.5	0.0	0.5	Non-Core
0.444444444444	0.340375586854	0.888888888889	0.611111111111	0.277777777778	2.38888888889	0.0	1.0	Non-Core
4.5	0.335664335664	0.5	0.5	0.0	0.5	0.0	0.0	Non-Core
0.0	0.364406779661	0.5	0.0	0.666666666667	0.666666666667	0.0	0.833333333333	Non-Core
0.0	0.397350993377	0.8	0.2	0.0	0.8	0.2	1.6	Non-Core
0.5	0.531015037594	9.5	0.0	0.5	2.5	0.0	59.5	Non-Core
0.0	0.222222222222	0.0	0.0	0.0	0.0	0.0	0.0	Non-Core
0.0	0.540983606557	0.0	1.0	0.0	0.5	0.0	0.0	Non-Core
0.0769230769231	0.405362776025	2.0	2.07692307692	0.0	1.84615384615	0.0	3.69230769231	Non-Core
0.0	0.375	2.0	0.0	0.0	0.0	0.0	1.0	Non-Core
0.0	0.478260869565	0.333333333333	0.666666666667	0.0	0.333333333333	0.0	0.0	Non-Core
2.0	0.341463414634	0.0	0.0	0.0	1.0	0.0	2.0	Non-Core
0.0833333333333	0.491011235955	1.08333333333	0.833333333333	0.0833333333333	1.08333333333	0.0	0.916666666667	Non-Core
0.0	0.354838709677	1.0	0.0	0.0	3.0	0.0	0.0	Non-Core
0.0	0.444444444444	0.0	0.0	0.0	0.5	0.0	0.0	Non-Core
0.0	0.45	1.0	0.0	1.0	0.0	0.0	1.0	Non-Core
0.307692307692	0.42186612832	0.902564102564	0.682051282051	0.123076923077	2.00512820513	0.230769230769	0.733333333333	Non-Core
0.142857142857	0.449541284404	0.857142857143	0.142857142857	0.0	0.428571428571	0.0	0.0	Non-Core
1.0	0.539682539683	0.0	0.0	0.0	1.0	0.0	0.0	Non-Core
0.0	0.416666666667	1.0	0.0	0.0	0.0	0.0	1.0	Non-Core
0.5	0.393298059965	0.566666666667	0.233333333333	0.1	0.466666666667	0.0333333333333	0.366666666667	Non-Core
0.5	0.350649350649	1.0	0.0	0.0	1.5	0.0	1.5	Non-Core
0.0	0.565217391304	1.0	0.0	0.0	0.0	0.0	1.0	Non-Core
2.0	0.333333333333	1.0	0.0	0.0	0.0	0.0	0.0	Non-Core
4.0	0.273730684327	3.0	1.0	0.333333333333	7.33333333333	0.333333333333	4.33333333333	Non-Core
0.2	0.487179487179	0.6	0.2	0.2	0.8	0.0	0.8	Non-Core
0.5	0.432653061224	0.0	0.5	0.5	5.0	0.0	3.5	Non-Core
0.0	0.32	0.0	0.0	0.0	0.0	0.0	1.0	Non-Core
0.0	0.325842696629	0.0	0.0	0.0	0.0	0.0	1.0	Non-Core
0.0	0.369230769231	0.0	1.0	0.0	5.0	0.0	2.0	Non-Core
0.0	0.308411214953	1.5	0.0	0.0	4.5	0.5	1.0	Non-Core
0.5	0.439655172414	0.0	0.5	0.0	1.0	0.0	0.5	Non-Core
0.0	0.432432432432	0.0	2.0	0.0	3.0	1.0	0.0	Non-Core
0.0	0.55	0.0	0.0	0.0	0.0	0.0	0.0	Non-Core
0.230769230769	0.623880597015	0.538461538462	0.0769230769231	0.0	1.0	0.0	0.230769230769	Non-Core
0.412280701754	0.514245416079	0.298245614035	0.157894736842	0.289473684211	0.298245614035	0.0438596491228	0.30701754386	Non-Core
0.0	0.403669724771	2.0	0.0	0.0	2.0	1.0	1.0	Non-Core
3.0	0.358208955224	2.0	1.0	1.0	0.0	0.0	0.0	Non-Core
0.0	0.416666666667	0.0	0.0	0.0	0.0	0.0	0.0	Non-Core
0.0	0.428571428571	0.5	0.0	0.5	0.5	0.0	0.0	Non-Core
0.0	1.0	0.0	0.0	0.0	0.0	0.0	0.0	Non-Core
0.0	0.477941176471	1.0	0.5	0.0	2.5	0.5	0.0	Non-Core
0.111111111111	0.430096051227	0.833333333333	0.277777777778	0.0555555555556	1.66666666667	0.111111111111	0.555555555556	Non-Core
0.0	0.52380952381	0.0	0.0	0.0	1.0	0.0	0.0	Non-Core
0.833333333333	0.314814814815	0.0	0.333333333333	0.0	0.333333333333	0.0	0.833333333333	Non-Core
0.555555555556	0.476780185759	1.11111111111	0.111111111111	0.0	0.222222222222	0.0	1.0	Non-Core
0.0	0.333333333333	0.6	0.2	0.1	0.7	0.0	0.1	Non-Core
0.0	0.818181818182	0.0	0.0	0.0	0.0	0.0	0.0	Non-Core
0.0	0.481481481481	0.0	0.0	0.0	0.0	0.0	0.0	Non-Core
1.0	0.166666666667	0.0	0.0	0.0	0.0	0.0	0.0	Non-Core
0.5	0.799096622152	0.5	0.5	0.0	2.0	0.0	0.75	Non-Core
0.8	0.39092495637	0.8	1.4	1.0	2.8	0.8	2.0	Non-Core
0.428571428571	0.425101214575	1.57142857143	0.285714285714	0.0	0.0	0.0	0.428571428571	Non-Core
0.0	0.460784313725	1.0	0.0	0.0	0.8	0.0	0.2	Non-Core
0.0	0.428571428571	1.0	0.0	0.0	1.0	0.0	0.0	Non-Core
3.0	0.547297297297	6.0	3.0	1.0	1.0	0.0	2.0	Non-Core
0.358407079646	0.403407635152	0.752212389381	0.367256637168	0.402654867257	0.83185840708	0.16814159292	0.530973451327	Non-Core
3.8	0.352705410822	1.4	1.4	0.8	2.2	0.0	2.0	Non-Core
1.0	0.342105263158	3.0	2.0	0.0	8.0	0.0	2.0	Non-Core
0.384615384615	0.41308411215	0.538461538462	0.307692307692	0.230769230769	1.30769230769	0.0769230769231	0.538461538462	Non-Core
0.0	0.318965517241	0.333333333333	0.0	0.0	1.0	0.0	0.333333333333	Non-Core
0.0	0.333333333333	0.0	0.0	0.0	0.0	0.0	0.0	Non-Core
0.0	0.359375	0.0	3.0	0.0	3.0	0.0	2.0	Non-Core
0.666666666667	0.401234567901	2.66666666667	0.666666666667	0.0	5.0	0.0	1.33333333333	Non-Core
0.125	0.480519480519	0.5	0.375	0.0	0.75	0.25	0.125	Non-Core
0.827309236948	0.410176399414	1.24497991968	0.66265060241	0.449799196787	0.951807228916	0.441767068273	0.714859437751	Non-Core
0.352941176471	0.414741474147	1.11764705882	0.411764705882	0.0	1.29411764706	0.470588235294	0.764705882353	Non-Core
0.0	0.354838709677	0.5	0.0	0.0	0.5	0.5	1.5	Non-Core
0.3	0.674319727891	0.7	0.0	0.1	1.2	0.0	1.5	Non-Core
0.571428571429	0.438976377953	2.42857142857	0.285714285714	0.0	1.28571428571	0.0	1.14285714286	Non-Core
2.75	0.391459074733	1.0	2.0	0.0	1.75	0.75	1.25	Non-Core
0.555555555556	0.350961538462	1.88888888889	0.777777777778	0.111111111111	2.33333333333	0.0	0.888888888889	Non-Core
0.0	0.326923076923	0.333333333333	0.0	0.0	1.33333333333	0.0	0.0	Non-Core
0.25	0.446927374302	1.0	1.25	0.0	0.5	0.0	0.75	Non-Core
0.0	0.511363636364	1.0	0.0	0.0	1.0	0.0	3.0	Non-Core
1.0	0.560975609756	3.0	2.0	0.0	2.0	0.0	1.0	Non-Core
0.0	0.445595854922	3.0	4.0	0.0	7.0	0.0	1.0	Non-Core
0.0	0.41726618705	1.0	0.0	0.0	0.0	0.0	0.0	Non-Core
0.0	0.596153846154	0.0	0.0	0.0	0.5	0.0	0.0	Non-Core
0.0	0.379310344828	0.0	0.0	0.0	3.0	0.0	0.0	Non-Core
0.5	0.45	0.0	0.5	0.0	0.5	0.0	0.0	Non-Core
1.0	0.222222222222	0.0	1.0	0.0	0.0	1.0	0.0	Non-Core
0.0	0.438775510204	0.0	0.333333333333	0.0	1.0	0.0	0.0	Non-Core
0.0	0.327868852459	0.0	2.0	0.0	1.0	0.0	2.0	Non-Core
0.0	0.44	1.5	0.0	0.0	0.0	0.0	0.5	Non-Core
0.0	0.363636363636	0.0	0.0	0.0	0.0	0.0	1.0	Non-Core
0.0	0.666666666667	0.0	0.0	0.0	0.0	0.0	0.0	Non-Core
0.0	0.430830039526	0.5	0.75	0.25	1.25	0.0	1.5	Non-Core
0.0	0.432432432432	2.0	0.0	0.0	0.0	0.0	1.0	Non-Core
3.375	0.390025575448	1.375	1.25	0.5	1.5	1.0	1.125	Non-Core
0.589489718203	0.484202342354	0.693830921554	0.0	0.00837776085301	0.0	0.012947448591	0.648134044174	Non-Core
0.0	0.458139534884	58.0	2.0	0.0	1.0	4.0	22.0	Non-Core
0.0	0.406130268199	0.571428571429	0.142857142857	0.0	0.428571428571	0.0	1.0	Non-Core
0.285714285714	0.472014925373	0.571428571429	0.714285714286	0.285714285714	1.42857142857	0.0	1.14285714286	Non-Core
0.0	0.347826086957	0.2	0.0	0.0	0.0	0.2	0.0	Non-Core
0.0	0.571428571429	0.0	1.0	0.0	0.0	0.0	0.0	Non-Core
2.0	0.712812960236	0.5	1.75	0.75	3.0	0.5	0.75	Non-Core
0.111111111111	0.428571428571	1.11111111111	0.555555555556	0.0	2.66666666667	0.0	0.555555555556	Non-Core
4.0	0.362903225806	5.0	2.0	0.0	7.0	0.0	15.0	Non-Core
0.25	0.464285714286	1.0	0.0	0.0	0.5	0.0	0.75	Non-Core
0.335901386749	0.397753860552	0.791987673344	0.302003081664	0.110554699538	0.616332819723	0.236132511556	0.600154083205	Core
1.0	0.605633802817	1.0	0.0	0.0	0.0	0.0	1.0	Non-Core
0.285714285714	0.356363636364	0.571428571429	0.142857142857	0.214285714286	0.571428571429	0.357142857143	0.785714285714	Non-Core
0.2	0.377777777778	0.6	0.6	0.0	0.8	0.0	0.2	Non-Core
0.0	0.3125	0.0	1.0	0.0	0.0	0.0	0.0	Non-Core
0.0	0.436363636364	0.666666666667	0.0	0.333333333333	0.666666666667	0.0	2.0	Non-Core
1.0	0.47619047619	1.0	0.0	0.0	3.0	0.0	3.0	Non-Core
2.0	0.428571428571	4.0	5.0	0.0	7.0	0.0	1.0	Non-Core
0.5	0.439461883408	0.666666666667	0.5	1.0	1.83333333333	0.0	0.666666666667	Non-Core
0.428571428571	0.328025477707	0.285714285714	0.428571428571	0.0	0.857142857143	0.0	1.0	Non-Core
0.2	0.413236481033	1.3	0.25	0.35	1.0	0.45	0.6	Non-Core
0.0	0.461286804798	1.08333333333	0.666666666667	0.0	1.5	0.166666666667	1.0	Non-Core
0.0	0.328767123288	3.5	1.5	0.0	7.0	0.0	1.0	Non-Core
0.833333333333	0.490725126476	0.5	0.833333333333	0.0	0.666666666667	0.0	1.33333333333	Non-Core
1.0	0.464539007092	3.5	0.0	0.5	5.0	0.0	3.5	Non-Core
0.0	0.79700149925	0.0	0.0	0.0	0.0	0.0	0.0	Non-Core
0.4	0.433035714286	1.4	0.6	0.0	1.6	1.8	1.9	Non-Core
0.0	0.8	0.0	0.0	0.0	0.0	0.0	0.0	Non-Core
0.0	0.391521197007	1.0	2.0	0.333333333333	5.0	0.0	1.33333333333	Non-Core
0.0588235294118	0.408771929825	0.588235294118	0.588235294118	0.0	2.05882352941	0.0	0.941176470588	Non-Core
2.0	0.465346534653	2.0	2.0	0.0	2.0	0.0	2.0	Non-Core
0.0	0.442307692308	0.0	2.0	0.0	0.0	0.0	1.0	Non-Core
0.0	0.444444444444	0.0	0.5	0.0	4.0	0.0	3.0	Non-Core
0.25	0.391891891892	1.25	1.0	0.25	3.25	0.0	0.75	Non-Core
0.333333333333	0.515789473684	0.333333333333	0.666666666667	0.666666666667	0.0	0.333333333333	0.333333333333	Non-Core
0.0	0.616216216216	1.0	0.0	0.0	1.0	0.0	4.0	Non-Core
0.2	0.401869158879	1.0	0.4	0.0	2.4	0.0	0.4	Non-Core
0.5	0.346153846154	1.0	1.0	0.0	4.0	0.0	0.0	Non-Core
0.0	0.534161490683	0.0	0.0	0.0	1.0	0.0	1.0	Non-Core
0.25	0.483516483516	0.625	0.125	0.125	0.5	0.0	0.5	Non-Core
0.0	0.552147239264	0.666666666667	0.333333333333	0.0	0.0	0.666666666667	0.0	Non-Core
6.5	0.390199637024	3.25	2.5	0.0	6.0	0.5	4.75	Non-Core
0.428571428571	0.475609756098	1.28571428571	1.0	0.142857142857	4.85714285714	0.428571428571	2.71428571429	Non-Core
3.0	0.351851851852	1.5	0.5	0.5	1.0	0.0	1.5	Non-Core
0.375	0.43	0.375	0.375	0.0	1.25	0.625	0.875	Non-Core
2.0	0.793388429752	1.33333333333	0.0	0.0	3.0	0.0	1.0	Non-Core
1.0	0.47417442845	2.15384615385	0.384615384615	0.692307692308	3.76923076923	0.0	6.07692307692	Non-Core
0.0	0.3	2.0	0.0	0.0	0.0	0.0	0.0	Non-Core
0.666666666667	0.323529411765	0.666666666667	0.166666666667	0.333333333333	0.166666666667	0.333333333333	0.333333333333	Non-Core
0.0	0.470588235294	0.0	1.0	0.0	1.0	0.0	0.0	Non-Core
2.0	0.272727272727	1.0	1.0	0.0	0.0	0.0	0.0	Non-Core
0.0	0.333333333333	1.0	0.0	0.0	1.0	0.0	0.0	Non-Core
0.0	0.428571428571	0.5	0.0	0.0	0.5	0.0	0.0	Non-Core
0.31914893617	0.422241914045	0.765957446809	0.510638297872	0.255319148936	1.10638297872	0.0212765957447	0.425531914894	Non-Core
0.0	0.54	1.0	1.0	0.0	0.0	0.0	0.0	Non-Core
1.0	0.354430379747	0.0	1.0	0.0	0.0	0.0	0.0	Non-Core
0.0	0.428571428571	0.0	0.0	0.0	1.0	0.0	0.0	Non-Core
0.0	0.428571428571	0.0	0.4	0.2	1.0	0.0	0.2	Non-Core
0.0	0.431578947368	0.5	0.5	0.0	2.0	0.0	0.0	Non-Core
0.5	0.574257425743	0.0	1.0	0.0	0.0	0.0	0.5	Non-Core
0.0769230769231	0.52871024735	2.30769230769	0.461538461538	0.0769230769231	1.69230769231	0.0	2.23076923077	Non-Core
0.0	0.459459459459	3.0	0.0	0.0	3.0	0.0	1.0	Non-Core
0.0	0.4375	1.0	0.5	0.0	1.5	0.0	0.0	Non-Core
0.0	0.394422310757	0.0	0.5	0.0	0.5	0.0	0.0	Non-Core
0.0	0.666666666667	0.0	0.0	0.0	0.0	0.0	0.0	Non-Core
0.142857142857	0.69694596711	0.714285714286	0.142857142857	0.0	0.857142857143	0.0	1.35714285714	Non-Core
1.25	0.40726124704	0.6875	0.5	0.1875	1.4375	0.1875	0.9375	Non-Core
0.2	0.376470588235	0.7	0.0	0.0	0.6	0.0	0.8	Non-Core
0.0	0.578947368421	0.0	0.0	0.0	0.0	0.0	1.0	Non-Core
0.0	0.431137724551	1.0	0.0	0.0	1.0	0.0	0.333333333333	Non-Core
1.25	0.448946515397	2.25	1.5	0.0	5.75	0.0	1.25	Non-Core
0.0	0.338983050847	0.0	0.0	0.0	1.5	0.0	1.0	Non-Core
0.0	0.554838709677	0.166666666667	0.0	0.0	0.0	0.0	0.333333333333	Non-Core
0.0	0.423076923077	0.0	0.0	0.0	1.66666666667	0.0	1.0	Non-Core
0.0	0.485714285714	1.0	0.0	0.0	1.0	0.0	1.0	Non-Core
0.333333333333	0.400914634146	1.33333333333	0.333333333333	0.444444444444	2.88888888889	0.111111111111	0.111111111111	Non-Core
0.142857142857	0.663201663202	1.0	0.428571428571	0.0	0.571428571429	0.0	0.142857142857	Non-Core
0.5	0.301587301587	1.25	0.5	0.0	3.0	0.0	0.25	Non-Core
0.0	0.435897435897	0.0	0.0	0.0	1.0	0.0	1.0	Non-Core
0.0	0.0	0.0	0.0	0.0	0.0	0.0	0.0	Non-Core
0.333333333333	0.345911949686	1.0	1.33333333333	0.0	2.0	0.0	0.333333333333	Non-Core
0.0	0.401234567901	5.0	1.0	0.0	8.0	0.0	2.0	Non-Core
1.0	0.445652173913	1.0	3.0	0.0	0.0	0.0	0.0	Non-Core
0.625	0.406060606061	0.875	0.375	0.0	0.875	0.0	0.625	Non-Core
0.0	0.441696113074	1.0	0.6	0.2	0.6	0.0	0.4	Non-Core
0.0	0.227272727273	0.0	0.0	0.0	1.0	0.0	0.0	Non-Core
0.0	0.434389140271	0.75	0.5	0.25	1.25	0.0	1.25	Non-Core
0.0	0.393939393939	1.0	0.0	0.0	0.5	0.5	0.0	Non-Core
0.5	0.472222222222	0.0	0.5	0.0	0.5	0.0	1.0	Non-Core
0.591836734694	0.418425556189	1.48979591837	0.469387755102	0.163265306122	1.55102040816	0.244897959184	0.734693877551	Non-Core
1.33333333333	0.354545454545	0.333333333333	0.333333333333	0.0	2.33333333333	0.0	0.666666666667	Non-Core
0.0	0.371287128713	0.75	0.25	0.25	1.75	0.0	0.5	Non-Core
0.6	0.5	0.6	0.4	0.0	1.4	0.0	0.6	Non-Core
0.0	0.341772151899	0.0	3.0	0.0	2.0	0.0	0.0	Non-Core
0.4	0.415841584158	0.8	0.0	0.0	0.8	0.0	0.4	Non-Core
0.0	0.537037037037	0.0	0.0	0.0	0.2	0.0	0.0	Non-Core
2.0	0.388888888889	0.0	0.0	0.0	0.0	0.0	1.5	Non-Core
0.0	0.472222222222	1.0	0.0	0.0	0.0	0.0	0.0	Non-Core
0.142857142857	0.555555555556	0.0	0.0	0.142857142857	0.571428571429	0.0	0.285714285714	Non-Core
0.260869565217	0.441348973607	0.521739130435	0.434782608696	0.0	0.782608695652	0.0	0.521739130435	Non-Core
1.125	0.444405594406	3.9375	1.0625	0.375	5.6875	0.3125	2.125	Non-Core
0.375	0.44094488189	1.0	0.625	0.125	2.75	0.0	0.625	Non-Core
0.0	0.476635514019	1.0	2.0	0.0	6.0	0.0	1.0	Non-Core
0.0	0.4	0.0	0.0	0.0	1.0	0.0	0.0	Non-Core
0.652173913043	0.398872886662	0.913043478261	0.413043478261	0.0217391304348	0.978260869565	0.282608695652	0.760869565217	Non-Core
0.666666666667	0.462427745665	1.0	0.0	0.333333333333	1.0	0.0	1.33333333333	Non-Core
0.411411411411	0.429236401674	1.00900900901	0.705705705706	0.366366366366	1.22822822823	0.111111111111	0.840840840841	Non-Core
0.0	0.426751592357	1.0	2.0	0.0	1.0	0.0	2.0	Non-Core
0.0	0.558823529412	1.0	0.5	0.0	0.5	0.5	0.0	Non-Core
0.0	0.625668449198	0.0	0.0	0.0	0.0	0.0	1.0	Non-Core
0.165048543689	0.425675675676	0.466019417476	0.252427184466	0.106796116505	0.883495145631	0.106796116505	0.349514563107	Non-Core
0.0	0.555555555556	0.0	0.0	0.0	0.0	0.0	0.0	Non-Core
0.0	0.439655172414	2.0	1.0	0.0	0.5	0.5	2.0	Non-Core
0.0	0.475409836066	0.0	0.0	0.0	1.0	0.0	0.5	Non-Core
0.592592592593	0.412893323101	0.333333333333	0.37037037037	0.37037037037	0.592592592593	0.037037037037	1.11111111111	Non-Core
0.2	0.408401400233	1.0	0.3	0.1	3.8	0.1	1.1	Non-Core
0.5	0.321428571429	0.5	0.5	0.0	0.0	0.0	0.5	Non-Core
0.294117647059	0.401517546633	0.611764705882	0.317647058824	0.141176470588	1.43529411765	0.0235294117647	0.505882352941	Non-Core
0.0	0.290322580645	0.0	1.0	0.0	2.0	0.0	0.0	Non-Core
0.222222222222	0.420253164557	1.88888888889	0.777777777778	0.0	3.77777777778	0.0	0.888888888889	Non-Core
1.0	0.692307692308	0.0	0.0	1.0	0.0	0.0	1.0	Non-Core
1.0	0.4	0.5	1.0	0.0	2.0	0.0	3.0	Non-Core
0.0	0.428571428571	0.0	0.0	0.0	0.0	0.0	0.0	Non-Core
0.6	0.353846153846	1.2	0.0	0.0	1.2	0.0	0.4	Non-Core
0.142857142857	0.367441860465	0.857142857143	0.142857142857	0.0	1.42857142857	0.0	0.428571428571	Non-Core
0.0	0.5	0.0	0.0	0.0	0.0	0.0	1.0	Non-Core
0.470588235294	0.468811556139	1.47058823529	0.529411764706	0.235294117647	1.23529411765	0.117647058824	2.0	Non-Core
0.4	0.411616161616	1.6	0.2	0.0	2.0	0.0	1.0	Non-Core
0.0	0.532188841202	0.5	0.0	0.5	0.0	0.0	1.0	Non-Core
0.0	0.474025974026	2.0	1.0	0.0	1.0	2.0	1.0	Non-Core
0.333333333333	0.378378378378	0.333333333333	0.0	0.0	1.66666666667	0.0	0.666666666667	Non-Core
0.0	0.487654320988	7.0	1.0	0.0	1.0	0.0	2.0	Non-Core
0.25	0.465373961219	0.5	0.125	0.0	0.375	0.0	0.125	Non-Core
0.0	0.627858627859	0.0	0.333333333333	0.333333333333	1.66666666667	0.0	0.0	Non-Core
0.0	0.404255319149	0.5	0.0	0.0	2.0	0.0	0.0	Non-Core
0.0	0.636363636364	0.0	0.0	0.0	0.0	0.0	0.0	Non-Core
0.333333333333	0.455326460481	1.0	1.33333333333	0.0	1.33333333333	0.333333333333	2.33333333333	Non-Core
0.0	0.333333333333	1.0	0.0	0.0	0.0	0.0	0.0	Non-Core
0.0	0.432	1.0	0.0	0.0	4.0	0.0	0.0	Non-Core
0.5	0.192307692308	0.0	0.0	0.0	0.5	0.0	0.0	Non-Core
0.13025210084	0.458489555437	0.498319327731	0.125210084034	0.103361344538	0.23025210084	0.163025210084	0.40756302521	Core
0.25	0.452674897119	0.75	1.0	0.0	1.0	0.0	1.5	Non-Core
0.0	0.427609427609	0.6	0.6	0.0	2.0	0.2	1.0	Non-Core
0.666666666667	0.441860465116	0.0	0.333333333333	0.0	1.66666666667	0.0	0.0	Non-Core
0.0526315789474	0.398653702319	1.26315789474	0.789473684211	0.0526315789474	0.631578947368	0.0	1.15789473684	Non-Core
0.0	0.5	0.0	0.0	0.0	0.0	0.0	0.0	Non-Core
0.888888888889	0.445437313837	1.36111111111	0.861111111111	0.0555555555556	0.666666666667	0.277777777778	1.41666666667	Non-Core
0.2125	0.436637931034	0.55	0.25	0.0125	0.375	0.125	0.3875	Core
0.0	0.828220858896	0.5	0.5	0.0	0.0	0.0	0.0	Non-Core
0.0	0.422641509434	2.5	0.5	0.5	1.5	0.0	0.5	Non-Core
0.8	0.425106990014	1.2	0.4	0.4	2.4	0.1	0.8	Non-Core
0.0	0.383720930233	0.0	0.5	0.0	0.0	0.0	0.5	Non-Core
1.0	0.283333333333	2.0	0.0	0.0	0.0	0.0	1.0	Non-Core
0.0	0.0	0.0	0.0	0.0	1.0	0.0	1.0	Non-Core
5.4	0.387401574803	4.2	1.4	0.4	2.2	0.0	4.0	Non-Core
0.263157894737	0.498168498168	0.526315789474	0.473684210526	0.105263157895	0.578947368421	0.0	0.421052631579	Non-Core
0.0	0.435483870968	1.0	0.5	0.0	1.0	0.0	2.0	Non-Core
2.0	0.760127446518	0.5	0.0	0.5	0.5	0.5	0.5	Non-Core
2.5	0.358574610245	3.0	2.0	0.0	6.0	1.0	3.0	Non-Core
0.0	0.487179487179	1.0	0.75	0.0	0.5	0.0	0.0	Non-Core
1.63636363636	0.433479532164	2.27272727273	1.0	0.0909090909091	1.63636363636	0.909090909091	2.63636363636	Non-Core
0.666666666667	0.37855450237	0.636363636364	0.69696969697	0.242424242424	1.45454545455	0.0909090909091	0.515151515152	Non-Core
0.0	0.4375	0.666666666667	0.0	0.333333333333	0.333333333333	0.0	0.666666666667	Non-Core
0.0	0.48	1.0	0.0	0.0	0.0	1.0	0.0	Non-Core
0.5	0.46511627907	3.5	1.0	0.5	4.0	0.5	1.0	Non-Core
0.0	0.425742574257	1.66666666667	1.0	0.0	1.33333333333	0.0	0.666666666667	Non-Core
0.0	0.385964912281	0.0	0.0	0.0	2.0	0.0	2.0	Non-Core
0.0	0.435820895522	1.16666666667	0.833333333333	0.0	2.5	0.0	1.0	Non-Core
0.384615384615	0.448181818182	1.69230769231	0.230769230769	0.153846153846	1.38461538462	0.0	1.92307692308	Non-Core
1.76470588235	0.421372191864	1.52941176471	1.11764705882	0.294117647059	2.41176470588	0.117647058824	1.29411764706	Non-Core
0.25	0.387755102041	1.25	0.25	0.0	1.5	0.75	0.0	Non-Core
0.0769230769231	0.43095599393	0.615384615385	0.692307692308	0.0769230769231	0.769230769231	0.0	0.538461538462	Non-Core
0.0	0.4	1.0	0.0	0.0	0.0	0.0	0.0	Non-Core
0.428571428571	0.499356499356	1.14285714286	0.542857142857	0.371428571429	1.0	0.342857142857	1.14285714286	Non-Core
1.5	0.469026548673	0.5	0.0	0.0	0.5	0.0	1.0	Non-Core
0.0	0.427983539095	3.0	0.0	0.0	1.0	0.0	3.0	Non-Core
5.0	0.396590909091	4.66666666667	4.0	1.0	2.33333333333	0.333333333333	6.0	Non-Core
1.5	0.370044052863	0.5	0.0	0.75	1.5	0.25	0.75	Non-Core
0.0	0.5	0.0	0.0	0.0	0.0	0.0	0.0	Non-Core
0.8	0.350230414747	1.4	1.8	0.0	3.8	0.4	2.6	Non-Core
2.0	0.36	1.0	0.0	0.0	1.0	0.0	0.0	Non-Core
0.666666666667	0.391304347826	0.333333333333	0.0	0.0	0.666666666667	0.0	0.333333333333	Non-Core
1.0	0.392757660167	5.0	2.0	0.0	9.0	2.0	5.0	Non-Core
0.0	0.450920245399	2.5	4.0	0.0	7.5	0.0	1.0	Non-Core
0.75	0.323943661972	0.5	1.75	0.0	1.5	0.0	0.75	Non-Core
0.0	0.222222222222	0.0	0.0	0.0	0.0	0.0	0.0	Non-Core
0.358974358974	0.410774410774	0.769230769231	0.269230769231	0.346153846154	1.25641025641	0.0769230769231	0.782051282051	Non-Core
0.0	0.222222222222	0.0	0.0	1.0	0.0	0.0	0.0	Non-Core
0.0	0.314285714286	2.0	0.0	0.0	7.0	0.0	1.0	Non-Core
0.2	0.421686746988	0.6	0.4	0.0	0.6	0.0	0.2	Non-Core
0.0	0.324074074074	2.0	3.0	0.0	5.0	0.0	1.0	Non-Core
0.0	0.413043478261	0.333333333333	1.33333333333	0.0	2.0	0.0	1.0	Non-Core
2.66666666667	0.368258859784	5.66666666667	2.66666666667	0.333333333333	7.66666666667	0.0	2.66666666667	Non-Core
0.0	0.588235294118	0.0	0.0	0.0	0.0	0.0	0.5	Non-Core
0.333333333333	0.406779661017	0.666666666667	0.333333333333	0.0	1.0	0.0	0.333333333333	Non-Core
0.0	0.389189189189	0.5	0.5	0.0	0.833333333333	0.0	1.33333333333	Non-Core
0.0	0.475409836066	3.0	1.0	0.0	8.0	0.0	0.0	Non-Core
0.0	0.25	1.0	0.0	0.0	0.0	0.0	0.0	Non-Core
0.0	0.34693877551	1.0	0.0	0.25	0.5	0.0	0.25	Non-Core
0.0	0.379807692308	2.0	0.0	0.0	2.5	0.0	0.5	Non-Core
1.5	0.349344978166	2.0	3.5	0.0	5.0	0.0	2.5	Non-Core
0.0	0.571428571429	0.0	0.0	0.0	0.0	0.0	1.0	Non-Core
0.0	0.433333333333	1.0	1.0	0.0	1.0	0.0	0.0	Non-Core
0.277777777778	0.416184971098	0.5	0.111111111111	0.0	0.777777777778	0.333333333333	0.222222222222	Non-Core
0.714285714286	0.371951219512	0.285714285714	0.0	0.285714285714	1.14285714286	0.0	0.142857142857	Non-Core
0.0	0.5	2.5	0.0	0.0	1.0	0.0	1.0	Non-Core
0.0	0.34375	0.0	0.0	0.0	0.0	0.0	0.0	Non-Core
0.333333333333	0.638972809668	0.666666666667	0.0	0.0	2.66666666667	0.0	1.0	Non-Core
0.25	0.441997063142	0.666666666667	0.666666666667	0.25	0.75	0.0	0.583333333333	Non-Core
0.0	0.545454545455	0.0	0.0	0.0	1.0	0.0	2.0	Non-Core
0.0	0.5	0.0	0.5	0.0	0.0	0.0	1.0	Non-Core
0.111111111111	0.403022670025	1.55555555556	0.333333333333	0.333333333333	0.888888888889	0.0	0.444444444444	Non-Core
0.0	0.430555555556	0.0	0.5	0.0	0.666666666667	0.833333333333	0.166666666667	Non-Core
1.25	0.394230769231	1.0	1.5	0.0	2.0	0.0	1.0	Non-Core
0.0	0.452261306533	9.0	0.0	1.0	5.0	1.0	3.0	Non-Core
0.0	0.387755102041	2.5	1.5	0.5	4.5	0.0	2.0	Non-Core
0.0	0.657894736842	0.0	0.0	0.0	0.0	0.0	0.0	Non-Core
0.0	0.533333333333	1.0	0.0	0.0	0.0	0.0	0.0	Non-Core
0.0	0.378378378378	0.0	0.0	0.0	4.0	0.0	1.0	Non-Core
0.333333333333	0.336585365854	1.66666666667	0.666666666667	0.0	0.0	0.333333333333	1.0	Non-Core
0.0	0.479381443299	0.25	0.75	0.0	1.75	0.0	0.5	Non-Core
1.66666666667	0.362811791383	0.666666666667	1.83333333333	0.666666666667	0.833333333333	0.5	0.666666666667	Non-Core
0.194542253521	0.429506969782	0.441901408451	0.215669014085	0.129401408451	0.486795774648	0.0897887323944	0.426056338028	Non-Core
0.0	0.375	0.0	0.0	0.0	1.0	0.0	0.0	Non-Core
0.0	0.508771929825	0.5	0.5	0.0	0.5	0.0	0.0	Non-Core
0.0	0.351485148515	0.0	0.333333333333	0.666666666667	2.0	0.0	0.333333333333	Non-Core
0.0	0.5	0.0	0.0	0.0	1.0	0.0	0.0	Non-Core
0.0	0.75	0.0	0.0	0.0	0.0	0.0	0.0	Non-Core
0.75	0.39762611276	0.5	0.5	0.0	0.5	0.0	0.5	Non-Core
0.666666666667	0.80345987506	1.0	0.0	0.0	1.66666666667	0.0	0.666666666667	Non-Core
0.5	0.328125	0.5	0.5	0.0	1.0	0.0	0.5	Non-Core
0.888888888889	0.383519206939	1.83333333333	0.444444444444	0.444444444444	3.83333333333	0.166666666667	1.16666666667	Non-Core
0.0	0.379562043796	0.333333333333	0.0	0.0	3.0	0.0	1.33333333333	Non-Core
0.0	0.0	0.0	0.0	0.0	0.0	0.0	0.0	Non-Core
1.33333333333	0.433255269321	1.16666666667	0.833333333333	0.5	2.16666666667	0.166666666667	0.5	Non-Core
0.0	0.56	0.0	0.0	0.0	1.0	0.0	0.0	Non-Core
0.0	0.416666666667	0.0	0.0	0.0	0.0	0.0	0.0	Non-Core
0.0	0.558823529412	1.0	0.0	0.0	0.0	0.0	1.0	Non-Core
0.0	0.377777777778	2.0	0.0	0.0	0.0	0.0	0.0	Non-Core
0.0	0.416666666667	0.0	0.0	0.0	1.0	0.0	0.0	Non-Core
1.5	0.388888888889	2.0	0.0	0.0	1.0	0.0	1.0	Non-Core
0.0	0.454545454545	0.0	0.0	0.0	0.0	0.0	0.0	Non-Core
0.0	0.353846153846	0.5	0.5	0.0	1.5	0.0	1.5	Non-Core
7.0	0.369822485207	9.5	11.5	0.0	17.0	1.0	8.5	Non-Core
0.0	0.420289855072	1.5	0.0	0.5	1.0	0.0	1.0	Non-Core
0.0	0.666666666667	0.0	0.0	0.0	0.0	0.0	0.0	Non-Core
1.5	0.462962962963	0.5	0.0	0.0	0.5	0.0	1.0	Non-Core
2.0	0.458015267176	1.5	0.0	0.0	0.5	0.0	1.5	Non-Core
0.0	0.434343434343	0.0	0.0	1.0	2.5	0.5	0.0	Non-Core
0.4	0.365617433414	1.2	0.4	0.0	1.4	0.4	0.8	Non-Core
0.0	0.6	0.0	0.0	0.0	0.0	0.0	0.0	Non-Core
0.0	0.522388059701	1.0	0.0	0.0	1.0	0.0	2.0	Non-Core
0.0	0.430939226519	1.0	1.0	0.0	11.0	0.0	1.0	Non-Core
0.0	0.493617021277	0.0	0.333333333333	0.666666666667	0.666666666667	0.0	2.0	Non-Core
0.0	0.61320754717	0.0	0.0	0.0	1.0	0.0	0.0	Non-Core
0.444444444444	0.451612903226	0.555555555556	0.555555555556	0.0	1.88888888889	0.0	0.666666666667	Non-Core
0.0	0.529411764706	0.5	1.0	0.0	0.0	0.0	0.5	Non-Core
0.0	0.435897435897	0.5	1.0	0.0	2.5	1.0	3.5	Non-Core
0.0	0.428571428571	1.0	0.0	0.0	0.0	0.0	0.0	Non-Core
0.0	0.509433962264	0.0	0.0	0.0	0.0	0.0	0.0	Non-Core
0.0	0.6875	0.0	0.0	0.5	0.0	0.0	0.0	Non-Core
0.0	0.448	0.0	1.0	0.0	0.0	0.0	1.0	Non-Core
0.5	0.447174447174	1.5	1.5	0.25	2.0	0.0	2.75	Non-Core
0.5	0.392	1.5	0.0	0.0	2.0	0.0	2.0	Non-Core
0.0	0.412742382271	1.0	0.142857142857	0.142857142857	0.714285714286	0.142857142857	0.285714285714	Non-Core
0.866666666667	0.438155136268	1.46666666667	0.466666666667	0.133333333333	1.0	0.133333333333	0.466666666667	Non-Core
0.0	0.625	0.0	0.0	0.0	0.0	0.0	0.0	Non-Core
0.0	0.470588235294	0.0	0.0	0.0	1.0	0.0	0.0	Non-Core
0.142857142857	0.344262295082	0.428571428571	0.0	0.142857142857	0.571428571429	0.0	0.0	Non-Core
0.0	0.333333333333	1.0	0.0	0.0	0.0	0.0	0.0	Non-Core
1.0	0.443786982249	3.0	2.0	0.0	3.0	0.0	4.0	Non-Core
0.25	0.394285714286	0.5	0.5	0.0	2.5	0.0	0.5	Non-Core
0.909090909091	0.401324503311	1.09090909091	0.181818181818	0.181818181818	1.36363636364	0.181818181818	0.909090909091	Non-Core
0.666666666667	0.384	1.5	0.25	0.333333333333	1.66666666667	0.166666666667	1.08333333333	Non-Core
0.0	0.480769230769	1.0	2.0	0.0	0.0	0.0	1.0	Non-Core
0.0	1.0	0.0	0.0	0.0	0.0	0.0	0.0	Non-Core
0.0	0.227272727273	0.0	0.0	0.0	0.0	0.0	0.0	Non-Core
0.557471264368	0.401376092745	0.91724137931	0.427586206897	0.0862068965517	0.82183908046	0.216091954023	0.880459770115	Non-Core
0.0	0.575757575758	0.333333333333	0.0	0.0	0.333333333333	0.0	0.333333333333	Non-Core
0.0	0.46511627907	2.0	0.0	0.0	6.0	0.0	1.0	Non-Core
0.5	0.371287128713	1.0	0.0	0.5	1.5	6.5	1.0	Non-Core
0.0	0.0	0.0	0.0	0.0	0.0	0.0	0.0	Non-Core
0.222222222222	0.395705521472	1.55555555556	0.555555555556	0.555555555556	0.222222222222	0.111111111111	0.777777777778	Non-Core
0.0	0.451327433628	1.0	0.0	0.0	1.0	0.0	1.0	Non-Core
0.266666666667	0.746408839779	5.53333333333	3.6	0.133333333333	0.466666666667	0.0	1.33333333333	Non-Core
0.2	0.48	0.4	0.0	0.0	0.6	0.0	0.2	Non-Core
0.5	0.5	0.0	0.0	0.0	0.5	0.0	0.5	Non-Core
0.0	0.371057513915	0.375	0.75	0.0	1.3125	0.25	0.1875	Non-Core
0.0	0.435897435897	1.0	0.0	0.0	0.0	0.0	0.0	Non-Core
0.0	0.307692307692	0.0	0.0	0.0	2.0	0.0	0.0	Non-Core
0.0	0.6	0.0	1.0	0.0	0.0	2.0	1.0	Non-Core
0.166666666667	0.532814238042	0.833333333333	0.5	0.166666666667	1.16666666667	0.166666666667	1.83333333333	Non-Core
0.52	0.5	1.2	0.72	0.0	0.76	0.04	1.48	Non-Core
0.0	0.433333333333	1.0	2.0	0.0	0.0	0.0	0.0	Non-Core
0.0	0.390476190476	1.5	0.5	0.0	3.0	0.0	0.5	Non-Core
0.5	0.464285714286	1.5	0.0	0.0	1.0	0.5	0.0	Non-Core
0.0	0.375	1.0	0.0	0.0	1.0	0.0	0.0	Non-Core
0.0	0.413043478261	0.0	1.0	0.0	2.0	0.0	0.0	Non-Core
0.0	0.402298850575	2.33333333333	0.333333333333	0.0	2.0	0.0	0.0	Non-Core
0.0	0.540880503145	0.5	0.0	0.0	1.0	0.0	1.0	Non-Core
0.0	0.566371681416	1.0	0.5	0.0	0.0	0.0	0.5	Non-Core
1.0	0.298245614035	1.0	1.0	0.0	1.0	0.0	3.0	Non-Core
1.75	0.384341637011	1.75	0.75	0.75	4.25	0.0	2.25	Non-Core
0.809523809524	0.404142011834	1.0	0.809523809524	0.0	1.33333333333	0.142857142857	0.52380952381	Non-Core
0.5	0.509090909091	4.0	1.0	0.0	1.5	0.0	0.5	Non-Core
1.0	0.454545454545	0.0	0.0	0.0	1.0	0.0	3.0	Non-Core
0.166666666667	0.441326530612	0.833333333333	0.333333333333	0.0	3.0	0.0	0.166666666667	Non-Core
0.3	0.409448818898	0.6	0.2	0.3	0.7	0.0	0.1	Non-Core
0.0	0.352941176471	1.5	0.5	0.0	0.0	0.0	0.0	Non-Core
0.0	0.457831325301	2.0	0.0	0.0	1.0	0.0	0.0	Non-Core
0.0	0.384615384615	0.0	1.0	0.0	0.0	0.0	0.5	Non-Core
0.0	0.784363177806	1.75	0.25	0.0	1.75	0.0	1.0	Non-Core
0.0	0.3	0.0	0.0	0.0	1.0	0.0	1.0	Non-Core
1.33333333333	0.405569279138	2.36363636364	1.33333333333	0.666666666667	2.84848484848	0.666666666667	1.66666666667	Non-Core
0.0	0.362068965517	1.0	0.0	0.0	1.0	0.0	0.0	Non-Core
1.0	0.462962962963	2.0	0.0	0.0	3.0	0.0	0.0	Non-Core
2.66666666667	0.419161676647	0.666666666667	1.33333333333	0.666666666667	2.0	0.333333333333	2.0	Non-Core
0.0	0.608108108108	3.0	1.0	1.0	1.0	1.0	2.0	Non-Core
0.153846153846	0.427215189873	0.769230769231	0.269230769231	0.153846153846	1.5	0.115384615385	0.769230769231	Non-Core
0.333333333333	0.333333333333	0.666666666667	0.333333333333	0.333333333333	0.333333333333	0.0	0.333333333333	Non-Core
0.5	0.380090497738	3.5	0.5	0.5	0.5	3.0	2.0	Non-Core
0.309056956116	0.4271226745	0.584033613445	0.27964519141	0.201213818861	0.55929038282	0.183940242764	0.52847805789	Core
0.0	0.625	0.0	0.0	0.0	0.0	0.0	0.0	Non-Core
2.5	0.434077079108	3.0	3.5	0.0	9.0	0.0	2.0	Non-Core
0.6	0.34250764526	0.8	1.0	0.4	3.2	0.0	0.8	Non-Core
1.18181818182	0.407672301691	1.81818181818	0.545454545455	0.227272727273	0.772727272727	0.227272727273	0.818181818182	Non-Core
0.0	0.755110220441	0.0	0.0	1.0	0.0	0.0	0.0	Non-Core
0.5	0.409090909091	0.0	1.5	0.0	2.0	0.0	0.0	Non-Core
0.575757575758	0.468349798756	1.66666666667	0.484848484848	0.030303030303	1.51515151515	0.121212121212	1.36363636364	Non-Core
0.0	0.352941176471	0.0	1.0	0.0	1.0	0.0	1.0	Non-Core
0.0	0.322674418605	1.0	0.333333333333	0.0	0.666666666667	0.666666666667	1.33333333333	Non-Core
0.235294117647	0.420684292379	0.529411764706	0.372549019608	0.0588235294118	0.78431372549	0.117647058824	0.843137254902	Non-Core
0.5	0.256	0.5	0.333333333333	0.833333333333	1.83333333333	0.0	0.0	Non-Core
0.0	0.381818181818	0.0	0.0	0.0	0.166666666667	0.166666666667	0.166666666667	Non-Core
1.0	0.428571428571	1.0	1.0	0.0	1.0	0.0	1.0	Non-Core
1.42857142857	0.413793103448	2.71428571429	1.28571428571	0.571428571429	2.57142857143	0.142857142857	0.857142857143	Non-Core
0.5	0.40625	0.0	0.0	0.0	0.5	0.0	0.0	Non-Core
0.142857142857	0.36641221374	0.857142857143	0.428571428571	0.0	0.857142857143	0.0	0.857142857143	Non-Core
0.0	0.777440347072	0.5	0.25	0.0	1.5	0.0	0.75	Non-Core
1.0	0.290322580645	0.0	1.0	0.0	1.0	0.0	0.0	Non-Core
0.0	0.772817460317	0.0	0.666666666667	0.333333333333	2.66666666667	0.0	0.666666666667	Non-Core
0.2	0.479452054795	1.6	0.2	0.2	2.4	0.0	1.4	Non-Core
0.25	0.41369047619	1.0	0.25	0.5	2.0	0.0	1.5	Non-Core
0.0	0.532066508314	1.0	0.25	0.25	3.0	0.5	1.25	Non-Core
1.0	0.445288753799	1.375	0.75	0.875	2.125	0.25	1.25	Non-Core
0.5	0.333333333333	1.5	1.0	0.0	3.0	0.0	0.0	Non-Core
0.0	0.25	1.0	1.0	0.0	0.0	0.0	0.0	Non-Core
3.0	0.392	1.5	0.0	0.0	0.0	0.0	0.5	Non-Core
0.0	0.542857142857	0.0	0.0	0.0	0.0	0.0	0.0	Non-Core
0.0	0.4	0.0	0.0	0.0	1.0	0.0	0.0	Non-Core
0.0	0.4	1.25	0.5	0.0	2.0	0.0	1.25	Non-Core
0.0	0.384615384615	0.0	0.0	0.0	0.0	0.0	1.0	Non-Core
0.0	0.469387755102	1.5	0.0	0.0	1.5	0.5	0.0	Non-Core
0.2	0.497674418605	0.2	0.0	0.2	0.5	0.0	0.3	Non-Core
0.0	0.585106382979	0.6	0.4	0.0	1.6	0.2	0.8	Non-Core
0.0	0.344155844156	0.666666666667	1.0	0.0	0.333333333333	1.33333333333	2.0	Non-Core
0.0	0.413793103448	1.0	2.0	0.0	6.0	0.0	1.0	Non-Core
0.667883211679	0.403623889119	0.940389294404	0.502433090024	0.205596107056	1.08759124088	0.459854014599	0.863746958637	Core
0.0	0.412844036697	1.0	1.0	0.0	1.0	0.0	0.0	Non-Core
0.0	0.4375	2.5	1.5	0.0	3.5	0.0	0.5	Non-Core
0.4	0.411674347158	1.0	0.4	0.2	0.6	0.1	1.0	Non-Core
0.428571428571	0.369863013699	0.571428571429	0.142857142857	0.0	1.85714285714	0.0	0.857142857143	Non-Core
0.666666666667	0.445086705202	0.333333333333	0.0	0.0	1.33333333333	0.0	0.0	Non-Core
3.0	0.3515625	0.0	2.0	0.0	3.0	0.0	4.0	Non-Core
1.0	0.36815920398	4.5	1.0	0.5	2.0	0.0	1.5	Non-Core
0.0	0.616279069767	0.0	1.0	1.0	0.0	0.0	0.0	Non-Core
1.0	0.423423423423	1.0	0.0	1.0	0.5	0.0	1.5	Non-Core
0.0	0.446808510638	0.0	0.5	0.0	0.0	0.0	0.5	Non-Core
2.0	0.457789382071	3.33333333333	1.16666666667	0.5	0.333333333333	0.166666666667	2.83333333333	Non-Core
0.0	0.5	1.0	0.0	0.0	0.0	0.0	0.0	Non-Core
0.0	0.38	2.0	0.0	0.0	1.0	0.0	1.0	Non-Core
0.0	0.610169491525	0.0	1.0	0.5	5.5	0.0	1.0	Non-Core
0.427579020493	0.392526530925	0.674539770754	0.326849600556	0.275790204932	0.868357068427	0.236887808267	0.523792983675	Non-Core
0.0	0.274436090226	0.0	3.0	0.0	7.5	0.0	2.5	Non-Core
2.4	0.392183908046	1.12	0.64	0.32	1.64	0.08	1.0	Non-Core
0.944444444444	0.418114143921	1.0	0.555555555556	0.111111111111	2.27777777778	0.0	0.722222222222	Non-Core
0.0	0.44	1.0	0.0	0.0	1.0	0.0	0.0	Non-Core
0.0	0.461538461538	1.0	0.0	0.0	0.0	0.0	0.0	Non-Core
0.0	0.54347826087	0.5	0.5	0.0	0.0	0.5	1.0	Non-Core
0.333333333333	0.432432432432	0.666666666667	0.333333333333	0.0	0.666666666667	0.0	1.0	Non-Core
0.0	0.636363636364	0.0	0.0	0.0	1.0	0.0	0.0	Non-Core
0.0	0.426966292135	0.333333333333	0.333333333333	0.0	0.0	1.66666666667	0.0	Non-Core
0.344827586207	0.40899795501	0.827586206897	0.379310344828	0.327586206897	0.793103448276	0.189655172414	0.224137931034	Non-Core
0.153846153846	0.448343079922	1.23076923077	0.615384615385	0.230769230769	1.46153846154	0.0769230769231	1.30769230769	Non-Core
0.0	0.428571428571	2.0	1.0	0.0	0.0	0.0	4.0	Non-Core
0.0	0.549618320611	0.25	0.25	0.25	1.0	0.0	0.0	Non-Core
0.0	0.428571428571	1.0	0.0	0.0	1.0	0.0	0.0	Non-Core
0.5	0.394366197183	2.0	0.0	0.0	0.5	0.0	0.0	Non-Core
0.0	0.5	0.8	0.0	0.0	0.0	0.0	0.8	Non-Core
0.0769230769231	0.483766233766	0.692307692308	0.153846153846	0.307692307692	0.769230769231	0.0769230769231	1.0	Non-Core
0.46875	0.397034596376	0.40625	0.25	0.09375	0.75	0.0	0.4375	Non-Core
0.0	0.488505747126	1.5	0.0	0.0	0.5	0.5	1.5	Non-Core
2.5	0.438848920863	0.0	1.5	0.0	0.5	0.0	0.5	Non-Core
2.0	0.277777777778	0.0	0.0	0.0	2.0	0.0	2.0	Non-Core
0.0	0.437209302326	1.0	0.666666666667	0.0	3.33333333333	0.0	2.0	Non-Core
0.0	0.380136986301	2.5	1.5	0.0	5.5	0.0	3.5	Non-Core
0.333333333333	0.4296875	1.33333333333	1.0	0.333333333333	3.0	0.0	1.33333333333	Non-Core
0.0	0.333333333333	0.0	1.0	0.0	2.0	0.0	0.0	Non-Core
0.0	0.519402985075	1.66666666667	1.33333333333	0.333333333333	3.66666666667	0.0	0.333333333333	Non-Core
0.666666666667	0.814862063467	52.0	0.666666666667	0.0	2.0	0.0	38.3333333333	Non-Core
2.0	0.452380952381	5.0	2.0	0.0	1.0	3.0	4.0	Non-Core
0.944444444444	0.358428805237	0.444444444444	0.611111111111	0.0555555555556	1.0	0.111111111111	0.277777777778	Non-Core
1.33333333333	0.392694063927	0.666666666667	0.333333333333	0.0	2.33333333333	0.0	1.0	Non-Core
0.333333333333	0.713333333333	1.66666666667	0.0	0.333333333333	1.0	0.0	2.66666666667	Non-Core
0.0	0.5	0.0	0.0	0.0	0.0	0.0	0.0	Non-Core
0.0	0.6	0.0	1.0	0.0	1.0	0.0	0.0	Non-Core
1.0	0.391304347826	0.5	0.0	0.5	1.5	0.0	0.5	Non-Core
0.0	0.462686567164	1.5	0.5	0.0	1.0	0.0	0.5	Non-Core
0.857142857143	0.345794392523	0.857142857143	0.714285714286	0.142857142857	1.14285714286	0.571428571429	0.571428571429	Non-Core
1.0	0.490566037736	1.0	1.0	0.5	1.0	0.0	0.5	Non-Core
0.0	0.379310344828	0.0	0.0	0.0	2.0	0.0	0.0	Non-Core
0.0	0.210526315789	0.0	2.0	0.0	0.0	0.0	3.0	Non-Core
0.0	0.513513513514	0.0	1.0	0.0	1.0	0.0	0.0	Non-Core
0.0	0.521126760563	1.0	0.5	0.0	0.5	0.0	1.0	Non-Core
0.0	0.50406504065	2.0	2.0	0.0	4.0	0.0	0.0	Non-Core
0.25	0.352941176471	1.75	0.25	0.0	1.75	0.0	0.25	Non-Core
0.0	0.437735849057	0.428571428571	0.428571428571	0.285714285714	0.428571428571	0.285714285714	0.571428571429	Non-Core
0.25	0.5	0.0	0.5	0.0	0.5	0.0	0.0	Non-Core
1.0	0.474358974359	1.0	1.0	0.0	1.0	0.0	0.0	Non-Core
0.0	0.694915254237	0.0	0.0	0.0	0.5	0.0	0.0	Non-Core
0.0	0.411764705882	0.4	0.2	0.2	0.6	0.0	0.4	Non-Core
0.111111111111	0.414364640884	0.444444444444	0.0	0.0	0.444444444444	0.0	0.444444444444	Non-Core
0.333333333333	0.365853658537	1.66666666667	0.666666666667	0.0	2.0	0.0	0.0	Non-Core
2.61904761905	0.43671679198	2.52380952381	1.90476190476	0.285714285714	8.09523809524	0.142857142857	2.2380952381	Non-Core
0.0	0.4875	2.0	2.0	0.0	2.0	1.0	0.0	Non-Core
0.333333333333	0.449197860963	2.33333333333	2.0	0.333333333333	3.33333333333	0.0	3.0	Non-Core
0.0	0.142857142857	1.0	0.0	0.0	1.0	0.0	0.0	Non-Core
0.0	0.4	0.0	0.0	0.0	0.0	0.0	0.0	Non-Core
0.0	0.666666666667	0.0	0.0	0.0	0.0	0.0	0.0	Non-Core
0.5	0.365517241379	0.833333333333	0.0	0.0	1.0	0.166666666667	0.166666666667	Non-Core
0.0	0.428571428571	0.0	0.0	0.0	0.0	0.0	0.0	Non-Core
0.5	0.38036809816	0.5	1.0	0.5	4.0	0.0	1.0	Non-Core
0.5	0.239726027397	2.0	0.25	0.0	2.5	0.0	0.75	Non-Core
0.0	0.379310344828	0.0	0.0	0.0	0.0	0.0	0.0	Non-Core
0.5	0.417910447761	0.0	0.0	0.0	2.0	0.0	0.5	Non-Core
0.0	0.471453796351	1.47368421053	0.368421052632	0.0	2.36842105263	0.0526315789474	1.05263157895	Non-Core
0.0	0.323232323232	2.0	1.0	0.0	4.0	0.0	3.0	Non-Core
4.5	0.357142857143	2.0	1.5	0.0	3.0	0.0	0.0	Non-Core
0.0	0.411764705882	0.0	0.0	0.0	0.0	0.0	0.5	Non-Core
0.0	0.401709401709	1.0	2.0	0.0	0.0	0.0	0.0	Non-Core
0.0	0.518018018018	0.833333333333	1.0	0.0	2.0	0.0	3.33333333333	Non-Core
1.5	0.554285714286	1.0	0.0	0.5	0.5	0.0	2.0	Non-Core
0.0	0.513157894737	1.0	0.25	0.0	0.0	0.0	0.0	Non-Core
1.0	0.425	2.0	1.0	0.0	11.0	0.0	3.0	Non-Core
0.0	0.536082474227	0.333333333333	0.666666666667	0.666666666667	0.0	0.0	0.333333333333	Non-Core
0.0	0.448979591837	0.0	0.0	0.0	0.666666666667	0.0	0.666666666667	Non-Core
0.25	0.563829787234	0.0	0.25	0.0	1.25	0.0	0.25	Non-Core
12.0	0.445969125214	9.0	1.0	0.0	8.0	0.0	12.0	Non-Core
0.0	0.75	0.0	0.0	0.0	0.0	0.0	0.0	Non-Core
0.0	0.5	0.0	1.0	0.0	1.0	0.0	0.0	Non-Core
0.208333333333	0.381679389313	0.479166666667	0.229166666667	0.0833333333333	0.75	0.0208333333333	0.25	Non-Core
0.0	0.413793103448	1.0	0.0	0.0	3.0	0.0	0.0	Non-Core
0.522935779817	0.404518394138	1.1376146789	0.376146788991	0.339449541284	1.46788990826	0.128440366972	0.825688073394	Non-Core
0.0	0.827939590076	0.666666666667	0.0	0.0	2.33333333333	0.0	0.0	Non-Core
0.0	0.695714285714	22.0	0.0	1.0	0.0	0.0	1.0	Non-Core
0.0	0.5	0.0	1.0	0.0	2.0	0.0	1.0	Non-Core
0.25	0.558823529412	1.5	0.5	0.0	1.5	0.0	1.0	Non-Core
0.0	0.5	0.0	0.0	0.0	0.0	0.0	0.0	Non-Core
1.0	0.535714285714	0.0	0.5	0.0	0.0	0.0	1.0	Non-Core
0.4	0.630331753555	1.2	0.4	0.0	0.8	0.2	0.2	Non-Core
0.0	0.426573426573	0.333333333333	0.0	0.0	0.0	0.0	1.33333333333	Non-Core
0.2	0.351063829787	0.6	0.2	0.0	1.0	0.0	0.0	Non-Core
0.0	0.437158469945	0.285714285714	0.285714285714	0.0	0.285714285714	0.142857142857	0.285714285714	Non-Core
0.0	0.401960784314	2.0	0.5	0.0	1.0	0.0	0.0	Non-Core
0.0	0.6	1.0	0.0	0.0	1.0	0.0	0.0	Non-Core
1.33333333333	0.38911788953	2.16666666667	1.66666666667	0.666666666667	1.25	0.25	1.08333333333	Non-Core
0.0	0.5	1.0	0.0	0.0	0.0	0.0	0.0	Non-Core
0.0	0.586206896552	0.0	0.5	0.0	1.0	0.0	0.0	Non-Core
0.0	0.447272727273	0.428571428571	0.0	0.0	0.142857142857	0.0	0.142857142857	Non-Core
0.0	0.442307692308	1.0	0.0	0.0	0.0	0.0	0.0	Non-Core
0.0	0.35	1.0	1.0	1.0	1.0	0.0	0.0	Non-Core
0.0	0.578947368421	1.0	0.0	0.0	0.0	0.0	1.0	Non-Core
0.0	0.235294117647	0.0	0.0	0.0	0.0	0.0	0.0	Non-Core
0.666666666667	0.488095238095	3.0	2.33333333333	0.0	5.33333333333	0.0	2.66666666667	Non-Core
0.0	0.451807228916	1.0	0.0	0.0	3.0	0.0	0.0	Non-Core
0.0	0.47619047619	0.0	0.0	0.0	0.0	0.0	1.0	Non-Core
0.0	0.417525773196	0.333333333333	0.0	0.0	1.66666666667	0.0	1.66666666667	Non-Core
2.0	0.469026548673	2.0	1.0	1.0	0.0	0.0	2.0	Non-Core
0.0	0.345679012346	0.333333333333	0.333333333333	0.0	2.0	0.0	0.0	Non-Core
0.0	0.571428571429	0.0	0.0	0.0	0.0	0.0	0.0	Non-Core
0.75	0.471354166667	1.0	0.25	0.0	2.25	0.0	1.0	Non-Core
0.666666666667	0.51871657754	0.666666666667	0.666666666667	0.0	2.33333333333	0.0	0.333333333333	Non-Core
1.0	0.555555555556	0.0	0.0	0.0	1.0	0.0	0.0	Non-Core
0.0	0.382716049383	0.0	0.5	0.0	3.5	0.0	0.0	Non-Core
1.0	0.42731277533	0.666666666667	3.0	0.666666666667	0.666666666667	0.0	1.0	Non-Core
1.0	0.452054794521	0.0	0.0	1.0	0.0	1.0	1.0	Non-Core
0.0	0.494845360825	2.0	0.333333333333	0.333333333333	1.33333333333	0.0	0.666666666667	Non-Core
1.0	0.428571428571	0.0	0.0	0.0	0.0	0.0	0.0	Non-Core
0.0	0.4	0.0	0.0	0.0	0.0	0.0	0.0	Non-Core
0.333333333333	0.368	1.0	0.666666666667	0.0	1.0	0.0	1.0	Non-Core
0.0	0.277777777778	0.0	0.333333333333	0.0	0.666666666667	0.0	0.333333333333	Non-Core
0.0	0.380952380952	1.0	2.0	0.0	0.5	0.0	0.5	Non-Core
0.0	0.8	0.0	0.0	0.0	0.0	0.0	0.0	Non-Core
0.0	0.384615384615	0.0	0.5	0.0	1.5	0.0	0.0	Non-Core
0.0	0.307692307692	0.0	1.0	0.0	0.0	1.0	0.0	Non-Core
0.0	0.35807860262	1.0	1.0	0.0	2.5	0.0	0.5	Non-Core
1.5	0.810422960725	0.5	0.5	0.5	0.5	0.0	1.5	Non-Core
0.5	0.4375	1.25	1.0	0.25	0.5	0.0	0.75	Non-Core
0.8125	0.342200725514	0.8125	0.375	0.0	3.875	0.0	0.5	Non-Core
0.4	0.482352941176	0.4	0.2	0.0	0.6	0.0	0.6	Non-Core
1.25	0.325842696629	3.25	2.5	0.25	4.75	0.25	4.25	Non-Core
0.5	0.573988439306	5.25	0.25	0.5	1.25	0.0	1.0	Non-Core
1.5	0.466321243523	1.75	1.25	0.5	0.75	0.25	0.75	Non-Core
2.0	0.427419354839	1.0	1.33333333333	1.0	3.66666666667	0.666666666667	2.33333333333	Non-Core
0.5	0.367875647668	1.5	3.5	0.0	1.0	0.5	2.5	Non-Core
0.142857142857	0.411764705882	0.285714285714	0.285714285714	0.0	0.428571428571	0.428571428571	0.142857142857	Non-Core
1.0	0.309523809524	3.0	0.5	0.0	1.5	0.0	1.0	Non-Core
1.0	0.424242424242	0.5	0.0	0.5	0.0	0.5	0.0	Non-Core
0.0	0.375	4.0	1.0	0.0	6.0	0.0	0.0	Non-Core
0.0	0.425	0.0	0.0	0.0	0.0	0.0	0.5	Non-Core
0.0	0.452054794521	1.0	0.0	0.0	2.0	0.0	1.0	Non-Core
0.0	0.315789473684	0.0	0.0	0.0	2.0	0.0	1.0	Non-Core
0.333333333333	0.478070175439	0.666666666667	0.666666666667	0.0	2.33333333333	0.0	0.666666666667	Non-Core
1.0	0.473684210526	0.0	0.0	1.0	0.0	0.0	0.0	Non-Core
0.0	0.581395348837	0.0	0.5	0.0	0.5	0.0	0.0	Non-Core
0.0	0.45871559633	5.0	1.0	0.0	1.0	2.0	0.0	Non-Core
2.0	0.385964912281	2.0	1.0	1.0	0.0	0.0	1.0	Non-Core
0.0	0.75	0.0	0.0	0.0	0.0	0.0	0.0	Non-Core
0.4	0.358299595142	0.666666666667	0.466666666667	0.4	1.53333333333	0.2	0.6	Non-Core
0.25	0.356846473029	1.0	0.5	0.25	1.5	0.75	0.5	Non-Core
0.0	0.458333333333	0.0	0.666666666667	0.0	0.0	0.0	1.0	Non-Core
0.6	0.450549450549	1.8	0.5	0.4	0.9	0.1	1.6	Non-Core
0.0	0.375	0.0	0.0	0.0	0.0	0.0	0.0	Non-Core
0.0	0.447674418605	0.0	0.333333333333	0.0	1.33333333333	0.333333333333	1.0	Non-Core
0.0	0.466666666667	0.5	0.5	0.0	0.5	0.5	1.0	Non-Core
7.0	0.365384615385	3.0	2.0	0.0	1.0	0.0	5.0	Non-Core
0.2	0.493449781659	0.3	0.1	0.0	0.7	0.0	0.1	Non-Core
1.0	0.491803278689	2.0	0.0	0.0	4.0	0.0	2.0	Non-Core
1.44444444444	0.429824561404	2.22222222222	0.777777777778	0.222222222222	2.22222222222	0.222222222222	1.0	Non-Core
0.0	0.0	0.0	0.0	0.0	0.0	0.0	0.0	Non-Core
0.0	0.272727272727	0.0	0.0	0.0	1.0	0.0	0.0	Non-Core
0.0	0.3	2.0	0.0	0.0	1.0	0.0	0.0	Non-Core
0.0	0.285714285714	0.0	0.0	0.0	1.0	0.0	0.0	Non-Core
0.4	0.344827586207	0.6	0.8	0.4	1.2	0.0	0.2	Non-Core
0.628140703518	0.382190311133	1.22110552764	0.693467336683	0.0402010050251	1.11557788945	0.407035175879	0.91959798995	Non-Core
0.0	0.315789473684	1.0	0.0	0.0	0.0	0.0	0.0	Non-Core
1.03125	0.427876823339	1.84375	0.46875	0.03125	1.9375	0.375	1.28125	Non-Core
0.0	0.45045045045	0.333333333333	0.333333333333	0.0	0.666666666667	0.0	0.0	Non-Core
1.33333333333	0.357308584687	4.66666666667	2.33333333333	0.0	5.33333333333	0.0	2.33333333333	Non-Core
0.0	0.483050847458	0.333333333333	0.333333333333	0.0	1.0	0.0	1.0	Non-Core
1.0	0.5	1.0	0.0	0.0	0.0	0.0	0.0	Non-Core
0.666666666667	0.455882352941	1.0	0.333333333333	0.0	1.33333333333	0.0	1.33333333333	Non-Core
0.0	0.392857142857	0.0	0.0	0.0	0.0	0.333333333333	0.333333333333	Non-Core
0.0	0.472222222222	2.0	0.0	0.0	2.0	0.0	1.0	Non-Core
0.75	0.364077669903	1.0	1.0	0.0	0.75	0.0	1.5	Non-Core
0.25	0.432624113475	1.0	0.0	0.0	1.5	0.0	0.25	Non-Core
0.0	0.363636363636	0.5	0.0	0.0	0.5	0.0	0.0	Non-Core
1.5	0.419117647059	0.5	0.5	0.5	3.5	0.0	1.0	Non-Core
0.0	0.579293344289	1.0	0.1875	0.0	0.4375	0.1875	1.125	Non-Core
0.0	0.629392971246	10.0	0.0	0.0	3.0	0.0	3.0	Non-Core
0.0	0.385416666667	1.0	1.0	0.0	2.0	0.0	1.0	Non-Core
0.5	0.684210526316	0.0	0.0	0.0	0.0	0.0	0.0	Non-Core
2.22222222222	0.375	1.44444444444	0.777777777778	0.0	1.44444444444	0.555555555556	2.22222222222	Non-Core
1.0	0.421875	0.0	1.0	0.0	0.0	1.0	0.0	Non-Core
0.0	0.407407407407	1.0	0.0	0.0	3.0	0.0	1.0	Non-Core
0.233766233766	0.456066945607	1.38961038961	0.480519480519	0.0779220779221	0.974025974026	0.233766233766	0.636363636364	Non-Core
0.0	0.4375	0.0	1.0	0.0	0.0	0.0	1.0	Non-Core
0.333333333333	0.414141414141	0.333333333333	0.0	0.0	1.0	0.0	0.666666666667	Non-Core
1.0	0.375	0.666666666667	0.666666666667	0.0	3.33333333333	0.0	1.33333333333	Non-Core
5.0	0.388059701493	2.0	0.0	0.0	1.0	0.0	0.0	Non-Core
0.0	0.413461538462	0.666666666667	0.0	0.0	0.666666666667	0.0	1.0	Non-Core
0.0	0.464285714286	0.0	0.0	0.0	1.0	0.0	0.0	Non-Core
0.36	0.426966292135	0.8	0.48	0.4	0.52	0.08	0.64	Non-Core
0.5	0.427586206897	0.75	0.25	0.5	1.75	0.0	0.5	Non-Core
0.0	0.313253012048	0.285714285714	0.857142857143	0.0	0.428571428571	0.0	0.142857142857	Non-Core
2.0	0.510204081633	0.5	1.0	0.5	2.5	0.0	1.5	Non-Core
1.0	0.387137452711	0.727272727273	0.727272727273	0.0	1.63636363636	0.0909090909091	1.81818181818	Non-Core
0.0	0.666666666667	0.0	0.0	0.0	0.0	0.0	0.0	Non-Core
0.7	0.387249623089	1.16666666667	0.366666666667	0.0833333333333	1.18333333333	0.183333333333	0.65	Non-Core
0.277777777778	0.427184466019	1.94444444444	0.5	0.333333333333	1.44444444444	0.333333333333	0.722222222222	Non-Core
0.0	0.5	0.0	0.0	0.0	0.0	0.0	1.0	Non-Core
1.0	0.363636363636	0.0	0.0	0.0	0.0	0.0	1.0	Non-Core
1.5	0.416666666667	0.5	0.5	0.5	2.0	0.0	1.0	Non-Core
1.0	0.38961038961	1.0	0.0	0.0	0.5	0.0	0.0	Non-Core
0.1	0.397565922921	1.3	0.6	0.2	1.1	0.5	0.7	Non-Core
0.0	0.351351351351	2.0	1.0	0.0	0.0	0.0	1.0	Non-Core
0.5	0.446085672083	1.25	0.625	0.375	1.5	0.625	1.125	Non-Core
0.0	0.421052631579	0.0	2.0	0.0	3.0	0.0	0.0	Non-Core
0.0	0.541666666667	0.0	0.0	0.0	1.0	0.0	0.0	Non-Core
0.0	0.44	1.4	0.0	0.0	0.8	0.0	0.0	Non-Core
0.0	0.25	0.0	0.0	0.0	0.0	0.0	1.0	Non-Core
0.0	0.462962962963	1.0	0.0	0.0	0.0	0.333333333333	0.0	Non-Core
1.83333333333	0.39670468948	4.66666666667	0.5	0.0	5.66666666667	1.0	1.16666666667	Non-Core
0.0	0.611111111111	0.5	0.0	0.0	0.0	0.0	0.0	Non-Core
0.0	0.428571428571	0.0	0.0	0.0	1.0	0.0	1.0	Non-Core
0.0	0.485436893204	0.333333333333	0.333333333333	0.0	1.0	0.0	0.333333333333	Non-Core
2.0	0.254901960784	1.0	0.0	0.0	0.0	0.0	0.0	Non-Core
0.6	0.380813953488	1.4	0.8	0.2	0.6	0.2	0.6	Non-Core
0.0	0.358974358974	0.0	1.0	0.0	0.0	0.0	0.0	Non-Core
0.0	0.5	0.0	0.0	0.0	0.0	0.0	0.0	Non-Core
0.0	0.425373134328	0.0	0.0	0.0	0.571428571429	0.0	0.285714285714	Non-Core
0.666666666667	0.349693251534	1.0	0.0	0.0	1.66666666667	0.0	1.0	Non-Core
0.0	0.541666666667	0.0	0.0	0.0	0.5	0.0	1.0	Non-Core
0.0	0.30612244898	2.0	0.0	1.0	2.0	0.0	1.0	Non-Core
0.0	0.314285714286	1.0	1.0	0.0	3.0	0.0	2.0	Non-Core
0.0	0.463414634146	0.0	0.5	0.0	1.5	0.0	0.0	Non-Core
0.428571428571	0.353846153846	0.0	0.0714285714286	0.0	0.357142857143	0.0	0.285714285714	Non-Core
0.0	0.468085106383	2.0	1.0	0.0	2.0	0.0	1.0	Non-Core
0.0	0.375	0.0	1.0	0.0	1.0	0.0	0.0	Non-Core
0.0	0.470588235294	0.0	0.0	0.0	0.0	0.0	1.0	Non-Core
0.0	0.36036036036	2.0	2.0	0.0	2.0	0.0	0.0	Non-Core
0.333333333333	0.4875	0.333333333333	0.666666666667	0.0	0.0	0.0	0.333333333333	Non-Core
0.666666666667	0.581871345029	2.0	0.333333333333	0.0	0.666666666667	0.0	0.666666666667	Non-Core
0.0	0.47533632287	1.33333333333	0.0	0.0	1.0	0.0	3.33333333333	Non-Core
0.0	0.175	0.0	0.0	0.0	1.0	0.0	0.0	Non-Core
0.0	0.5	0.0	0.0	0.0	0.0	0.0	1.0	Non-Core
0.0	0.347826086957	1.0	1.0	0.0	1.0	0.0	1.0	Non-Core
0.5	0.423728813559	0.5	0.0	0.0	2.0	0.0	0.5	Non-Core
0.333333333333	0.468646864686	1.0	0.0	0.166666666667	0.833333333333	0.0	1.0	Non-Core
0.5	0.422907488987	0.25	1.0	0.0	2.25	0.0	0.0	Non-Core
1.0	0.533333333333	1.0	0.0	0.0	0.0	0.0	0.0	Non-Core
0.0	0.591549295775	0.333333333333	0.333333333333	0.0	0.0	0.0	0.333333333333	Non-Core
0.0	0.501557632399	1.0	0.5	0.0	1.25	0.0	0.5	Non-Core
0.0	0.418918918919	1.0	0.0	0.2	0.4	0.0	0.2	Non-Core
0.370505789153	0.428918699919	0.753199268739	0.325411334552	0.0822669104205	0.811700182815	0.208409506399	0.508226691042	Core
2.0	0.44	2.0	0.0	0.0	1.0	0.0	1.0	Non-Core
0.172413793103	0.455452601568	0.655172413793	0.241379310345	0.0	0.965517241379	0.0344827586207	0.655172413793	Non-Core
2.0	0.360759493671	1.0	1.0	0.0	9.0	4.0	0.0	Non-Core
0.0	0.181818181818	1.0	1.0	0.0	0.0	0.0	0.0	Non-Core
0.5	0.387372013652	5.0	0.5	0.5	4.5	0.0	5.5	Non-Core
0.0	0.409574468085	0.5	0.75	0.25	0.75	0.5	1.5	Non-Core
0.166666666667	0.485915492958	0.666666666667	0.666666666667	0.333333333333	3.83333333333	0.0	0.833333333333	Non-Core
0.0	0.714285714286	0.0	0.0	0.0	0.0	0.0	0.0	Non-Core
0.4	0.394088669951	0.8	0.4	0.4	0.6	0.0	1.0	Non-Core
0.409090909091	0.429807692308	0.545454545455	0.5	0.0	1.68181818182	0.181818181818	0.545454545455	Non-Core
0.0	0.390243902439	0.5	0.0	0.0	0.5	0.0	0.5	Non-Core
0.0	0.363636363636	1.0	1.0	0.0	2.0	0.0	2.0	Non-Core
1.0	0.473684210526	0.0	1.0	0.0	0.0	0.0	1.0	Non-Core
1.5	0.38961038961	1.5	0.5	0.0	1.0	0.0	0.5	Non-Core
0.428571428571	0.412037037037	0.571428571429	0.428571428571	0.0	1.14285714286	0.0	1.0	Non-Core
0.292682926829	0.439850792664	1.46341463415	0.780487804878	0.0487804878049	2.39024390244	0.243902439024	0.90243902439	Non-Core
0.0	0.390243902439	0.0	1.0	0.0	2.0	0.0	1.0	Non-Core
0.0	0.502923976608	1.0	1.0	0.0	0.0	0.0	0.0	Non-Core
0.0	0.9	0.0	0.0	0.0	0.0	0.0	0.0	Non-Core
0.0	0.451923076923	3.0	0.0	1.0	1.0	0.0	2.0	Non-Core
1.85714285714	0.388324873096	3.14285714286	1.14285714286	0.0	5.57142857143	0.0	1.85714285714	Non-Core
0.0	0.472222222222	0.333333333333	0.333333333333	0.0	2.33333333333	0.0	0.333333333333	Non-Core
0.0	0.483870967742	1.0	0.0	0.0	0.0	0.0	0.0	Non-Core
0.0	0.385321100917	0.0	1.0	0.0	1.0	0.0	1.0	Non-Core
0.0	0.393442622951	0.125	0.25	0.0	0.625	0.125	0.25	Non-Core
0.0	0.376623376623	1.125	0.125	0.0	0.375	0.0	0.125	Non-Core
0.0	0.522727272727	0.0	1.0	0.0	0.5	0.0	0.0	Non-Core
0.0	0.396694214876	2.5	1.0	0.5	8.0	0.0	1.5	Non-Core
0.142857142857	0.41652613828	0.857142857143	0.714285714286	0.285714285714	4.71428571429	0.0	2.28571428571	Non-Core
0.0	0.5	0.0	0.0	0.0	0.0	0.0	0.0	Non-Core
1.5	0.33	2.5	3.0	0.0	3.0	1.0	4.0	Non-Core
0.0384615384615	0.429638854296	0.346153846154	0.0769230769231	0.0	0.423076923077	0.0384615384615	0.192307692308	Non-Core
2.5	0.280487804878	1.5	0.5	0.0	5.0	0.0	0.5	Non-Core
0.2	0.722397476341	0.8	0.0	0.0	0.4	0.0	0.6	Non-Core
0.625	0.437718277066	1.625	0.625	0.625	2.875	0.125	1.0	Non-Core
0.0606060606061	0.424908424908	0.272727272727	0.272727272727	0.030303030303	0.272727272727	0.030303030303	0.242424242424	Non-Core
0.0	0.417582417582	1.5	1.0	0.0	2.25	0.0	1.25	Non-Core
1.0	0.374125874126	1.75	1.0	0.25	1.0	0.25	3.25	Non-Core
0.0	0.5	1.0	0.0	0.0	0.0	0.0	0.5	Non-Core
0.6	0.474025974026	0.8	0.6	0.0	2.0	0.0	0.2	Non-Core
0.0	0.571428571429	0.0	0.0	0.0	0.0	0.0	0.0	Non-Core
1.71428571429	0.424786708577	4.57142857143	2.42857142857	0.428571428571	4.28571428571	1.0	5.14285714286	Non-Core
0.4	0.502415458937	1.2	0.8	0.4	2.2	0.0	1.6	Non-Core
1.0	0.508670520231	1.0	1.5	0.5	3.0	0.0	5.0	Non-Core
3.0	0.336206896552	0.0	1.0	0.0	2.0	0.0	0.0	Non-Core
0.25	0.381818181818	0.25	0.75	0.0	0.75	0.0	0.0	Non-Core
0.0	1.0	0.0	0.0	0.0	0.0	0.0	0.0	Non-Core
0.0	0.125	0.0	0.0	0.0	1.0	0.0	1.0	Non-Core
0.0	0.432	1.0	1.0	0.0	5.0	0.0	5.0	Non-Core
0.0	0.5	4.0	0.0	0.0	3.0	0.0	2.0	Non-Core
0.0	0.571428571429	0.0	0.0	0.0	0.5	0.0	0.0	Non-Core
0.0	0.5	0.0	0.0	0.0	0.0	0.0	0.5	Non-Core
0.0	0.489626556017	1.33333333333	0.0	0.0	2.0	0.0	1.33333333333	Non-Core
0.5	0.431818181818	0.5	0.0	0.0	0.0	0.0	0.5	Non-Core
0.0	0.671497584541	3.0	0.0	0.0	0.0	0.0	0.0	Non-Core
0.0	0.692452830189	0.0	0.0	1.0	0.0	0.0	0.0	Non-Core
0.0	0.422680412371	1.0	0.0	0.0	3.0	0.0	2.0	Non-Core
0.0	0.489795918367	0.0	1.0	0.0	3.0	0.0	0.0	Non-Core
0.0	0.633644859813	0.625	0.0	0.125	0.75	0.0	0.5	Non-Core
0.0	0.5625	0.0	0.0	0.0	0.0	0.0	0.0	Non-Core
0.769230769231	0.365573770492	0.615384615385	0.615384615385	0.0	0.923076923077	0.153846153846	0.769230769231	Non-Core
0.0	0.454545454545	1.0	0.5	0.0	0.5	0.5	1.5	Non-Core
0.111111111111	0.433333333333	0.111111111111	0.0	0.111111111111	0.777777777778	0.111111111111	0.222222222222	Non-Core
0.5	0.454545454545	0.0	0.0	0.0	0.5	0.0	0.0	Non-Core
0.75	0.386597938144	1.25	0.75	0.75	1.0	0.0	0.25	Non-Core
0.333333333333	0.41935483871	0.666666666667	0.333333333333	0.0	0.333333333333	0.0	0.0	Non-Core
0.0	0.333333333333	0.0	0.0	0.0	0.0	0.0	0.0	Non-Core
0.0	0.333333333333	0.0	0.0	0.0	5.5	0.0	0.5	Non-Core
2.5	0.401500938086	1.5	1.0	0.25	3.5	1.0	1.75	Non-Core
0.111111111111	0.39552238806	0.444444444444	0.777777777778	0.0	0.444444444444	0.0	0.888888888889	Non-Core
0.0	0.340909090909	1.66666666667	0.0	0.0	1.33333333333	0.333333333333	0.666666666667	Non-Core
0.0	0.391812865497	0.0	0.5	0.0	0.5	0.0	1.0	Non-Core
1.0	0.409836065574	0.0	0.5	0.0	1.0	0.0	0.0	Non-Core
1.2	0.343716433942	5.4	0.8	0.0	4.8	1.4	3.6	Non-Core
0.75	0.434426229508	1.0	0.5	0.0	1.0	0.5	0.25	Non-Core
0.25	0.405705229794	0.333333333333	0.583333333333	0.333333333333	1.0	0.0833333333333	0.75	Non-Core
1.0	0.505119453925	0.2	0.6	0.6	0.4	0.0	0.4	Non-Core
1.0	0.622641509434	4.0	0.0	0.0	2.0	0.0	4.0	Non-Core
0.0	0.380116959064	0.5	0.0	0.0	4.0	0.0	2.0	Non-Core
0.0	0.416666666667	1.0	0.0	0.0	1.0	0.0	0.0	Non-Core
0.0	0.407894736842	3.0	1.0	0.0	0.0	0.0	2.0	Non-Core
0.666666666667	0.442922374429	1.66666666667	0.666666666667	0.666666666667	1.66666666667	0.0	1.0	Non-Core
0.0	0.4	0.0	0.0	0.0	2.0	0.0	1.0	Non-Core
0.0	0.382352941176	0.25	0.5	0.0	1.0	0.0	0.25	Non-Core
0.75	0.427917620137	0.375	0.5	0.5	1.125	0.125	0.5	Non-Core
1.0	0.320512820513	0.0	2.0	0.0	1.0	0.0	0.0	Non-Core
0.0	0.425925925926	0.0	0.0	0.0	5.0	0.0	0.0	Non-Core
0.916666666667	0.407177363699	3.41666666667	1.91666666667	0.5	3.91666666667	0.916666666667	2.16666666667	Non-Core
0.0	0.584112149533	0.4	0.0	0.0	1.2	0.0	0.0	Non-Core
